GLOSA,,ANTOFAGASTA,ARICA Y PARINACOTA,ATACAMA,AYSEN DEL GEN. CARLOS IBÁÑEZ DEL CAMPO,BÍO -BÍO,COQUIMBO,LA ARAUCANÍA,LIBERTADOR GENERAL BERNARDO O'HIGGINS,LOS LAGOS,LOS RÍOS,MAGALLANES,MAULE,REGIÓN DE ÑUBLE,SANTIAGO,TARAPACÁ,VALPARAÍSO
Ciertas afecciones originadas en el período perinatal,,0.0001,0.00005,0.00011,0.00009,0.00041,0.00014,0.00023,0.00017,0.00018,0.00012,0.00007,0.00023,0.00013,0.00056,0.00012,0.00022
Ciertas enfermedades infecciosas y parasitarias,,0.00028,0.00025,0.00019,0.00021,0.00106,0.00057,0.00066,0.00054,0.00066,0.00044,0.00024,0.00061,0.00051,0.0018,0.00024,0.00091
Embarazo. parto y puerperio,,0.00002,0,0.00004,,0.00005,0.00003,0.00002,0.00003,0.00002,0.00002,0.00002,0.00007,0.00003,0.0001,0.00002,0.00004
Enfermedades de la piel y del tejido subcutáneo,,0.00009,0.00004,0.00004,0.00005,0.00046,0.00014,0.00029,0.00028,0.00022,0.00018,0.00011,0.00028,0.00026,0.00069,0.00008,0.00043
Enfermedades de la sangre,,0.00009,0.00002,0.00004,0.00002,0.00041,0.00014,0.00017,0.00018,0.00016,0.00012,0.00008,0.00028,0.00016,0.00055,0.00005,0.0004
Enfermedades del oído y de la apófisis mastoides,,0,0,0,0,0,0,0,0,0,0,0,0.00001,0,0.00001,0,0
Enfermedades del ojo y sus anexos,,0,0,0,0,0,0,0,0,0,0,0,0,0,0.00001,0,0
Enfermedades del sistema circulatorio,,0.00246,0.00157,0.0031,0.00204,0.01597,0.00657,0.00758,0.00897,0.00641,0.00551,0.00292,0.01039,0.00694,0.02657,0.00243,0.01662
Enfermedades del sistema digestivo,,0.00063,0.00035,0.00069,0.00071,0.00436,0.00147,0.00179,0.00196,0.00191,0.00122,0.0007,0.0025,0.00166,0.00558,0.00052,0.00353
Enfermedades del sistema genitourinario,,0.0005,0.00031,0.00043,0.00036,0.00213,0.00088,0.00117,0.00119,0.00101,0.00088,0.00058,0.00156,0.00095,0.00319,0.00034,0.00223
Enfermedades del sistema nervioso central,,0.00053,0.0004,0.00041,0.00035,0.0028,0.0011,0.00138,0.00115,0.00115,0.00103,0.00052,0.00138,0.00097,0.00391,0.00054,0.0026
Enfermedades del sistema osteomuscular,,0.00011,0.00013,0.00008,0.00017,0.00061,0.00022,0.0003,0.00027,0.0003,0.00027,0.00016,0.00033,0.00021,0.00077,0.00017,0.00049
Enfermedades del sistema respiratorio,,0.00109,0.00061,0.00094,0.00088,0.00657,0.00218,0.0035,0.00377,0.00287,0.00197,0.001,0.00467,0.00239,0.01062,0.0009,0.00594
Enfermedades endocrinas,,0.00073,0.00068,0.00085,0.00044,0.00359,0.00145,0.00173,0.00177,0.00158,0.00137,0.0006,0.00219,0.00156,0.00506,0.00056,0.00285
Malformaciones congénitas,,0.00013,0.0001,0.00014,0.00013,0.00042,0.00024,0.00024,0.00028,0.00026,0.00013,0.00009,0.00033,0.00016,0.00072,0.0001,0.00043
Signos y hallazgos anormales clínicos,,0.00021,0.0002,0.00035,0.00013,0.00073,0.00085,0.00132,0.00091,0.00057,0.00053,0.0002,0.00114,0.00047,0.00248,0.00015,0.0018
Trastornos mentales,,0.00026,0.00012,0.00019,0.00027,0.00132,0.00042,0.00058,0.00064,0.00053,0.00056,0.00029,0.00068,0.0005,0.00245,0.0003,0.00143
Traumatismos,,0.00047,0.00034,0.00044,0.00058,0.00225,0.00079,0.00126,0.00117,0.00131,0.00087,0.00047,0.0014,0.00095,0.00322,0.00051,0.00198
Tumores,,0.00303,0.00201,0.00269,0.003,0.01688,0.00636,0.0081,0.00857,0.00712,0.00519,0.00322,0.01039,0.00686,0.02288,0.0026,0.01414
